20110101
20110102
20110108
20110109
20110115
20110116
20110122
20110123
20110129
20110130
20110205
20110206
20110212
20110213
20110219
20110220
20110226
20110227
20110305
20110306
20110312
20110313
20110319
20110320
20110326
20110327
20110402
20110403
20110409
20110410
20110416
20110417
20110422
20110423
20110424
20110430
20110501
20110507
20110508
20110514
20110515
20110521
20110522
20110528
20110529
20110604
20110605
20110611
20110612
20110618
20110619
20110625
20110626
20110627
20110702
20110703
20110709
20110710
20110716
20110717
20110723
20110724
20110730
20110731
20110806
20110807
20110813
20110814
20110815
20110820
20110821
20110827
20110828
20110903
20110904
20110910
20110911
20110917
20110918
20110919
20110924
20110925
20111001
20111002
20111008
20111009
20111010
20111015
20111016
20111022
20111023
20111029
20111030
20111031
20111101
20111105
20111106
20111112
20111113
20111119
20111120
20111126
20111127
20111203
20111204
20111208
20111210
20111211
20111217
20111218
20111224
20111225
20111231
20120101
20120107
20120108
20120114
20120115
20120121
20120122
20120128
20120129
20120204
20120205
20120211
20120212
20120218
20120219
20120225
20120226
20120303
20120304
20120310
20120311
20120317
20120318
20120324
20120325
20120331
20120401
20120406
20120407
20120408
20120414
20120415
20120421
20120422
20120428
20120429
20120501
20120505
20120506
20120512
20120513
20120519
20120520
20120521
20120526
20120527
20120602
20120603
20120609
20120610
20120616
20120617
20120623
20120624
20120630
20120701
20120702
20120707
20120708
20120714
20120715
20120716
20120721
20120722
20120728
20120729
20120804
20120805
20120811
20120812
20120815
20120818
20120819
20120825
20120826
20120901
20120902
20120908
20120909
20120915
20120916
20120917
20120918
20120919
20120922
20120923
20120929
20120930
20121006
20121007
20121013
20121014
20121015
20121020
20121021
20121027
20121028
20121101
20121102
20121103
20121104
20121110
20121111
20121117
20121118
20121124
20121125
20121201
20121202
20121208
20121209
20121215
20121216
20121222
20121223
20121225
20121229
20121230
20121231
20130101
20130101
20130105
20130106
20130112
20130113
20130119
20130120
20130126
20130127
20130202
20130203
20130209
20130210
20130216
20130217
20130223
20130224
20130302
20130303
20130309
20130310
20130316
20130317
20130323
20130324
20130329
20130330
20130331
20130406
20130407
20130413
20130414
20130420
20130421
20130427
20130428
20130501
20130504
20130505
20130511
20130512
20130518
20130519
20130521
20130525
20130526
20130601
20130602
20130608
20130609
20130615
20130616
20130622
20130623
20130629
20130630
20130706
20130707
20130713
20130714
20130716
20130720
20130721
20130727
20130728
20130803
20130804
20130810
20130811
20130815
20130817
20130818
20130824
20130825
20130831
20130901
20130907
20130908
20130914
20130915
20130918
20130919
20130920
20130921
20130922
20130928
20130929
20131005
20131006
20131012
20131013
20131019
20131020
20131026
20131027
20131031
20131101
20131102
20131103
20131109
20131110
20131116
20131117
20131123
20131124
20131130
20131201
20131207
20131208
20131214
20131215
20131221
20131222
20131225
20131228
20131229
20140101
20140104
20140105
20140111
20140112
20140118
20140119
20140125
20140126
20140201
20140202
20140208
20140209
20140215
20140216
20140222
20140223
20140301
20140302
20140308
20140309
20140315
20140316
20140322
20140323
20140329
20140330
20140405
20140406
20140412
20140413
20140419
20140420
20140426
20140427
20140503
20140504
20140510
20140511
20140517
20140518
20140524
20140525
20140531
20140601
20140607
20140608
20140614
20140615
20140621
20140622
20140628
20140629
20140705
20140706
20140712
20140713
20140719
20140720
20140726
20140727
20140802
20140803
20140809
20140810
20140816
20140817
20140823
20140824
20140830
20140831
20140906
20140907
20140913
20140914
20140920
20140921
20140927
20140928
20141004
20141005
20141011
20141012
20141018
20141019
20141025
20141026
20141101
20141102
20141108
20141109
20141115
20141116
20141122
20141123
20141129
20141130
20141206
20141207
20141213
20141214
20141220
20141221
20141227
20141228
20150103
20150104
20150110
20150111
20150117
20150118
20150124
20150125
20150131
20150201
20150207
20150208
20150214
20150215
20150221
20150222
20150228
20150301
20150307
20150308
20150314
20150315
20150321
20150322
20150328
20150329
20150404
20150405
20150411
20150412
20150418
20150419
20150425
20150426
20150502
20150503
20150509
20150510
20150516
20150517
20150523
20150524
20150530
20150531
20150606
20150607
20150613
20150614
20150620
20150621
20150627
20150628
20150704
20150705
20150711
20150712
20150718
20150719
20150725
20150726
20150801
20150802
20150808
20150809
20150815
20150816
20150822
20150823
20150829
20150830
20150905
20150906
20150912
20150913
20150919
20150920
20150926
20150927
20151003
20151004
20151010
20151011
20151017
20151018
20151024
20151025
20151031
20151101
20151107
20151108
20151114
20151115
20151121
20151122
20151128
20151129
20151205
20151206
20151212
20151213
20151219
20151220
20151226
20151227